{
  "camera_model": "SIMPLE_RADIAL",
  "w": 720,
  "h": 1280,
  "fl_x": 1104.6568360981655,
  "fl_y": 1104.6568360981655,
  "cx": 360.0,
  "cy": 640.0,
  "k1": 0.03646039904935666,
  "k2": 0.0,
  "p1": 0.0,
  "p2": 0.0,
  "camera_angle_x": 0.6300788639130073,
  "camera_angle_y": 1.0502176780509562,
  "orientation_override": "none",
  "applied_transform": [
    [
      1.0,
      0.0,
      0.0,
      0.0
    ],
    [
      0.0,
      1.0,
      0.0,
      0.0
    ],
    [
      0.0,
      0.0,
      1.0,
      0.0
    ]
  ],
  "frames": [
    {
      "file_path": "../images_train/frame_000001.jpg",
      "image_name": "frame_000001.jpg",
      "transform_matrix": [
        [
          -0.967263325469902,
          -0.021972652328896267,
          0.25282179840856334,
          2.222281676312276
        ],
        [
          -0.21730060970847975,
          -0.4428713591437181,
          -0.8698536683089397,
          -2.1919866778633015
        ],
        [
          0.13108052571312695,
          -0.8963158828224731,
          0.4235985528527465,
          3.0840335265728354
        ],
        [
          0.0,
          0.0,
          0.0,
          1.0
        ]
      ],
      "split": "train"
    },
    {
      "file_path": "../images_train/frame_000002.jpg",
      "image_name": "frame_000002.jpg",
      "transform_matrix": [
        [
          -0.9665390899637002,
          -0.02288775098567393,
          0.2554962591251798,
          2.2133505638584503
        ],
        [
          -0.2192898130088713,
          -0.4430560452578248,
          -0.8692602134407343,
          -2.2145847324066077
        ],
        [
          0.1330945734531559,
          -0.8962017025286855,
          0.42321193615257213,
          3.104801467733174
        ],
        [
          0.0,
          0.0,
          0.0,
          1.0
        ]
      ],
      "split": "train"
    },
    {
      "file_path": "../images_train/frame_000003.jpg",
      "image_name": "frame_000003.jpg",
      "transform_matrix": [
        [
          -0.9640914646810507,
          -0.03367081433579501,
          0.26342726508679976,
          2.188276612791841
        ],
        [
          -0.2227015193513227,
          -0.4378823359742271,
          -0.8710126825255569,
          -2.1915530714270326
        ],
        [
          0.14467785251295062,
          -0.898401545025229,
          0.4146600811369747,
          3.1550230990817907
        ],
        [
          0.0,
          0.0,
          0.0,
          1.0
        ]
      ],
      "split": "train"
    },
    {
      "file_path": "../images_train/frame_000004.jpg",
      "image_name": "frame_000004.jpg",
      "transform_matrix": [
        [
          -0.9638287932233783,
          -0.042426490675604556,
          0.26312364059984966,
          2.1960844318827606
        ],
        [
          -0.2206097125845029,
          -0.42696674698556236,
          -0.8769439843467483,
          -2.183045700149945
        ],
        [
          0.14955070065683085,
          -0.9032714928843485,
          0.4021631485796917,
          3.1965583818384506
        ],
        [
          0.0,
          0.0,
          0.0,
          1.0
        ]
      ],
      "split": "train"
    },
    {
      "file_path": "../images_train/frame_000006.jpg",
      "image_name": "frame_000006.jpg",
      "transform_matrix": [
        [
          -0.9824163387486954,
          -0.012825419665931578,
          0.18626230421102852,
          1.3848341788336762
        ],
        [
          -0.16720880726565934,
          -0.3833988009591046,
          -0.9083207441184621,
          -2.303597316253609
        ],
        [
          0.08306233883297882,
          -0.9234938375720293,
          0.3745127231938614,
          3.1805430847576117
        ],
        [
          0.0,
          0.0,
          0.0,
          1.0
        ]
      ],
      "split": "train"
    },
    {
      "file_path": "../images_train/frame_000007.jpg",
      "image_name": "frame_000007.jpg",
      "transform_matrix": [
        [
          -0.9903360360769696,
          0.03906244934894683,
          0.13307389187296007,
          0.9778570853893441
        ],
        [
          -0.13804562553045124,
          -0.3699294288087873,
          -0.9187467675987279,
          -2.290929297798319
        ],
        [
          0.013339449736092517,
          -0.9282383006276272,
          0.37174684440983896,
          3.007813282339928
        ],
        [
          0.0,
          0.0,
          0.0,
          1.0
        ]
      ],
      "split": "train"
    },
    {
      "file_path": "../images_train/frame_000008.jpg",
      "image_name": "frame_000008.jpg",
      "transform_matrix": [
        [
          -0.9934700392407481,
          0.09975621781007668,
          0.05537127539812742,
          0.42805499609179787
        ],
        [
          -0.08705943316795775,
          -0.3491358997869227,
          -0.9330191737453469,
          -2.317372822316758
        ],
        [
          -0.07374236385864388,
          -0.9317471870031079,
          0.35554077583919264,
          2.938769441508217
        ],
        [
          0.0,
          0.0,
          0.0,
          1.0
        ]
      ],
      "split": "train"
    },
    {
      "file_path": "../images_train/frame_000009.jpg",
      "image_name": "frame_000009.jpg",
      "transform_matrix": [
        [
          -0.98761952402856,
          0.15671658744538244,
          -0.006898331470384211,
          -0.025346988183468207
        ],
        [
          -0.04507435324601036,
          -0.32562765378369485,
          -0.944423069270748,
          -2.2249268807847975
        ],
        [
          -0.1502530480125291,
          -0.9324197243252634,
          0.3286601272624122,
          2.771574760944629
        ],
        [
          0.0,
          0.0,
          0.0,
          1.0
        ]
      ],
      "split": "train"
    },
    {
      "file_path": "../images_train/frame_000010.jpg",
      "image_name": "frame_000010.jpg",
      "transform_matrix": [
        [
          -0.9811671961035994,
          0.19174763383451388,
          -0.023319052490728437,
          -0.43313754485054745
        ],
        [
          -0.04029028996957647,
          -0.32122796656907904,
          -0.946144431906705,
          -2.089718836762742
        ],
        [
          -0.1889116878977254,
          -0.927386347976268,
          0.3229039110368166,
          2.5368813834361434
        ],
        [
          0.0,
          0.0,
          0.0,
          1.0
        ]
      ],
      "split": "train"
    },
    {
      "file_path": "../images_train/frame_000011.jpg",
      "image_name": "frame_000011.jpg",
      "transform_matrix": [
        [
          -0.9720521733711058,
          0.2267633296503825,
          -0.06076976691070364,
          -0.9562399830257124
        ],
        [
          -0.0125073396718631,
          -0.30850804926247966,
          -0.9511395008065809,
          -2.0006824242346974
        ],
        [
          -0.23443152240865978,
          -0.9237971508216137,
          0.30272212577713353,
          2.2847719230635155
        ],
        [
          0.0,
          0.0,
          0.0,
          1.0
        ]
      ],
      "split": "train"
    },
    {
      "file_path": "../images_train/frame_000013.jpg",
      "image_name": "frame_000013.jpg",
      "transform_matrix": [
        [
          -0.947729463508319,
          0.2914202170415056,
          -0.1299350649275062,
          -1.6574475994968596
        ],
        [
          0.04432491149612437,
          -0.28303095350727836,
          -0.9580859990510359,
          -1.6076963191640907
        ],
        [
          -0.31598127510834284,
          -0.9137656901286252,
          0.2553195983951547,
          1.6318377688232442
        ],
        [
          0.0,
          0.0,
          0.0,
          1.0
        ]
      ],
      "split": "train"
    },
    {
      "file_path": "../images_train/frame_000014.jpg",
      "image_name": "frame_000014.jpg",
      "transform_matrix": [
        [
          -0.9263565920835027,
          0.3331571346393615,
          -0.17569800210113173,
          -2.1765129794865166
        ],
        [
          0.08693771861917524,
          -0.26474987743638667,
          -0.9603901995953059,
          -1.4195740738190616
        ],
        [
          -0.3664768715549892,
          -0.9049385758361219,
          0.2162888729892487,
          1.2852538014247037
        ],
        [
          0.0,
          0.0,
          0.0,
          1.0
        ]
      ],
      "split": "train"
    },
    {
      "file_path": "../images_train/frame_000015.jpg",
      "image_name": "frame_000015.jpg",
      "transform_matrix": [
        [
          -0.914831784532768,
          0.3578896417836307,
          -0.1870770170613597,
          -2.463420305453128
        ],
        [
          0.09285472608591164,
          -0.2644216295239892,
          -0.9599266647423588,
          -1.1619497693744998
        ],
        [
          -0.3930150198810499,
          -0.8955424089030419,
          0.2086695665496896,
          0.9337220437481197
        ],
        [
          0.0,
          0.0,
          0.0,
          1.0
        ]
      ],
      "split": "train"
    },
    {
      "file_path": "../images_train/frame_000016.jpg",
      "image_name": "frame_000016.jpg",
      "transform_matrix": [
        [
          -0.8833218303818827,
          0.40203795966350714,
          -0.24105605771356292,
          -2.8406835527301197
        ],
        [
          0.14128614761323538,
          -0.26198681925870726,
          -0.9546733111527297,
          -0.9190728617046279
        ],
        [
          -0.4469684199844676,
          -0.8773416583773448,
          0.17461628220838654,
          0.5399020108137254
        ],
        [
          0.0,
          0.0,
          0.0,
          1.0
        ]
      ],
      "split": "train"
    },
    {
      "file_path": "../images_train/frame_000017.jpg",
      "image_name": "frame_000017.jpg",
      "transform_matrix": [
        [
          -0.8267491823878099,
          0.4695261776370997,
          -0.309888621821749,
          -3.1609824110713234
        ],
        [
          0.21288608805244968,
          -0.2487686927633933,
          -0.9448775852006001,
          -0.6426450524263165
        ],
        [
          -0.5207353482670567,
          -0.8471477474527612,
          0.10571372215043817,
          0.1288018553823636
        ],
        [
          0.0,
          0.0,
          0.0,
          1.0
        ]
      ],
      "split": "train"
    },
    {
      "file_path": "../images_train/frame_000018.jpg",
      "image_name": "frame_000018.jpg",
      "transform_matrix": [
        [
          -0.735974845452652,
          0.5438602595915109,
          -0.40318363669424817,
          -3.347779380180158
        ],
        [
          0.3091454143604452,
          -0.2598464190718668,
          -0.9148272794770806,
          -0.3549421714677572
        ],
        [
          -0.6023040259211735,
          -0.797932238058209,
          0.023108522812245402,
          -0.29879202370468494
        ],
        [
          0.0,
          0.0,
          0.0,
          1.0
        ]
      ],
      "split": "train"
    },
    {
      "file_path": "../images_train/frame_000019.jpg",
      "image_name": "frame_000019.jpg",
      "transform_matrix": [
        [
          -0.625980754122246,
          0.626495746653597,
          -0.4643825738477885,
          -3.6404043663915453
        ],
        [
          0.37620688423918813,
          -0.27900764417595425,
          -0.8835287854633975,
          -0.055441422177804345
        ],
        [
          -0.6830933140644745,
          -0.7277759366153407,
          -0.061038597330518196,
          -0.6835003294317481
        ],
        [
          0.0,
          0.0,
          0.0,
          1.0
        ]
      ],
      "split": "train"
    },
    {
      "file_path": "../images_train/frame_000021.jpg",
      "image_name": "frame_000021.jpg",
      "transform_matrix": [
        [
          -0.29171926594594433,
          0.7363032179150768,
          -0.6105386483785139,
          -3.793785900664497
        ],
        [
          0.5127305076829598,
          -0.4184721329527663,
          -0.7496589227329565,
          0.5414405726792859
        ],
        [
          -0.8074696875840816,
          -0.5317317417926687,
          -0.25544873928637946,
          -1.451041861160621
        ],
        [
          0.0,
          0.0,
          0.0,
          1.0
        ]
      ],
      "split": "train"
    },
    {
      "file_path": "../images_train/frame_000022.jpg",
      "image_name": "frame_000022.jpg",
      "transform_matrix": [
        [
          -0.0049644701804333335,
          0.7687981691408723,
          -0.6394722270446704,
          -3.881389251349405
        ],
        [
          0.5580751505529999,
          -0.5285014590797584,
          -0.6397173861056247,
          0.9310961387747105
        ],
        [
          -0.8297755602396797,
          -0.3600494172696428,
          -0.42642342425424595,
          -1.923639527025013
        ],
        [
          0.0,
          0.0,
          0.0,
          1.0
        ]
      ],
      "split": "train"
    },
    {
      "file_path": "../images_train/frame_000023.jpg",
      "image_name": "frame_000023.jpg",
      "transform_matrix": [
        [
          0.19632587256704614,
          0.7532027123340788,
          -0.6278071566121046,
          -3.7986177523061038
        ],
        [
          0.5644466102363541,
          -0.6103572133645275,
          -0.5557554284814302,
          1.2462010797740348
        ],
        [
          -0.801783122766673,
          -0.24525445200133666,
          -0.5449716302891798,
          -2.2533672638474562
        ],
        [
          0.0,
          0.0,
          0.0,
          1.0
        ]
      ],
      "split": "train"
    },
    {
      "file_path": "../images_train/frame_000025.jpg",
      "image_name": "frame_000025.jpg",
      "transform_matrix": [
        [
          0.6060897840570054,
          0.5715265842721865,
          -0.5531839993455162,
          -3.404450288410125
        ],
        [
          0.4626041243315983,
          -0.8190450676949423,
          -0.33935615691480014,
          1.8782572310258974
        ],
        [
          -0.6470336914049591,
          -0.05022489974857747,
          -0.7608054032616471,
          -2.9818038817470054
        ],
        [
          0.0,
          0.0,
          0.0,
          1.0
        ]
      ],
      "split": "train"
    },
    {
      "file_path": "../images_train/frame_000027.jpg",
      "image_name": "frame_000027.jpg",
      "transform_matrix": [
        [
          0.8123957951258476,
          0.3784161301909255,
          -0.4436375823497899,
          -2.7560618309533877
        ],
        [
          0.3351337698819454,
          -0.9256172233764592,
          -0.17583546875863618,
          2.2496697625523296
        ],
        [
          -0.4771775647980083,
          -0.005829939980698695,
          -0.8787875644621197,
          -3.3738170792491164
        ],
        [
          0.0,
          0.0,
          0.0,
          1.0
        ]
      ],
      "split": "train"
    },
    {
      "file_path": "../images_train/frame_000028.jpg",
      "image_name": "frame_000028.jpg",
      "transform_matrix": [
        [
          0.9174585544806781,
          0.24408301013387726,
          -0.31415487418502697,
          -2.284063145738381
        ],
        [
          0.2135903502430033,
          -0.9684163640077339,
          -0.12864255985136291,
          2.5080730339133996
        ],
        [
          -0.335632184233419,
          0.05092376739819902,
          -0.9406156530808312,
          -3.5354624987383785
        ],
        [
          0.0,
          0.0,
          0.0,
          1.0
        ]
      ],
      "split": "train"
    },
    {
      "file_path": "../images_train/frame_000029.jpg",
      "image_name": "frame_000029.jpg",
      "transform_matrix": [
        [
          0.9738036637493656,
          0.13397989928208445,
          -0.18372754572103497,
          -1.7950172412766636
        ],
        [
          0.1196464518611389,
          -0.9889931423978786,
          -0.08704763550498895,
          2.6539609123042087
        ],
        [
          -0.1933679162253983,
          0.06278495742080059,
          -0.9791153650598664,
          -3.5657003506664036
        ],
        [
          0.0,
          0.0,
          0.0,
          1.0
        ]
      ],
      "split": "train"
    },
    {
      "file_path": "../images_train/frame_000030.jpg",
      "image_name": "frame_000030.jpg",
      "transform_matrix": [
        [
          0.99687456639147,
          0.034430360554095193,
          -0.07110308821657381,
          -1.2048812086223566
        ],
        [
          0.031866293619092295,
          -0.9988112612823933,
          -0.036886361523691784,
          2.697207323314832
        ],
        [
          -0.07228857594945877,
          0.03450528376335569,
          -0.996786710976631,
          -3.552981468729064
        ],
        [
          0.0,
          0.0,
          0.0,
          1.0
        ]
      ],
      "split": "train"
    },
    {
      "file_path": "../images_train/frame_000031.jpg",
      "image_name": "frame_000031.jpg",
      "transform_matrix": [
        [
          0.9890368496244277,
          -0.11481665370961744,
          0.09286143503044157,
          -0.6673592712841363
        ],
        [
          -0.1127530030172666,
          -0.9932509647575342,
          -0.02718972818577033,
          2.779317297635121
        ],
        [
          0.09535654353831939,
          0.01642123744282371,
          -0.995307727572368,
          -3.517019889037033
        ],
        [
          0.0,
          0.0,
          0.0,
          1.0
        ]
      ],
      "split": "train"
    },
    {
      "file_path": "../images_train/frame_000032.jpg",
      "image_name": "frame_000032.jpg",
      "transform_matrix": [
        [
          0.9453966643166042,
          -0.23038193341638244,
          0.2305413452167909,
          -0.20571347642197702
        ],
        [
          -0.2320472259947345,
          -0.9724937269040622,
          -0.020249346665901446,
          2.7377666677042463
        ],
        [
          0.22886509565066196,
          -0.034352814842117,
          -0.9728518140524982,
          -3.3277067423690023
        ],
        [
          0.0,
          0.0,
          0.0,
          1.0
        ]
      ],
      "split": "train"
    },
    {
      "file_path": "../images_train/frame_000033.jpg",
      "image_name": "frame_000033.jpg",
      "transform_matrix": [
        [
          0.9129714388878891,
          -0.2715335735106399,
          0.30455323053863553,
          0.14923424433427557
        ],
        [
          -0.28392119643181124,
          -0.9588402423465275,
          -0.0037608341602981613,
          2.6284735734433884
        ],
        [
          0.29303908611600976,
          -0.0830355834169565,
          -0.9524878927812676,
          -3.2112939405558176
        ],
        [
          0.0,
          0.0,
          0.0,
          1.0
        ]
      ],
      "split": "train"
    },
    {
      "file_path": "../images_train/frame_000034.jpg",
      "image_name": "frame_000034.jpg",
      "transform_matrix": [
        [
          0.8233095793966045,
          -0.36853719447701855,
          0.4316731086838679,
          0.6898537558318651
        ],
        [
          -0.38797420168329805,
          -0.9205253059335814,
          -0.04592580934609562,
          2.523087369142375
        ],
        [
          0.4142913893650141,
          -0.12966687095358853,
          -0.9008602262699312,
          -2.9499789806579715
        ],
        [
          0.0,
          0.0,
          0.0,
          1.0
        ]
      ],
      "split": "train"
    },
    {
      "file_path": "../images_train/frame_000035.jpg",
      "image_name": "frame_000035.jpg",
      "transform_matrix": [
        [
          0.7483387751399313,
          -0.417671776460227,
          0.5153051181296627,
          1.0521706957749686
        ],
        [
          -0.4455850223809904,
          -0.8920148338609135,
          -0.07591787669461697,
          2.358604839854313
        ],
        [
          0.49136856376023863,
          -0.17279995173797064,
          -0.8536375760400636,
          -2.6683599451340347
        ],
        [
          0.0,
          0.0,
          0.0,
          1.0
        ]
      ],
      "split": "train"
    },
    {
      "file_path": "../images_train/frame_000036.jpg",
      "image_name": "frame_000036.jpg",
      "transform_matrix": [
        [
          0.6246098279152501,
          -0.4746706940647574,
          0.6201211938546877,
          1.4188968188866513
        ],
        [
          -0.5317395931346409,
          -0.8400654979909701,
          -0.10743818770897998,
          2.1499126801062474
        ],
        [
          0.5719401786591743,
          -0.26263604337802704,
          -0.7771143678726105,
          -2.3395975613100477
        ],
        [
          0.0,
          0.0,
          0.0,
          1.0
        ]
      ],
      "split": "train"
    },
    {
      "file_path": "../images_train/frame_000037.jpg",
      "image_name": "frame_000037.jpg",
      "transform_matrix": [
        [
          0.4264993833360333,
          -0.5555684231470528,
          0.713752060043178,
          1.7421020881451974
        ],
        [
          -0.6262756156363214,
          -0.7507473075621656,
          -0.21013646386932855,
          1.9379038619283748
        ],
        [
          0.6525926212219456,
          -0.35738243855855073,
          -0.6681322199509718,
          -2.0024285758883598
        ],
        [
          0.0,
          0.0,
          0.0,
          1.0
        ]
      ],
      "split": "train"
    },
    {
      "file_path": "../images_train/frame_000038.jpg",
      "image_name": "frame_000038.jpg",
      "transform_matrix": [
        [
          0.2908498827120033,
          -0.572039225142536,
          0.7669272916155356,
          1.8614777992965132
        ],
        [
          -0.6740158274732063,
          -0.691412220801816,
          -0.26009960638476537,
          1.6910913460680153
        ],
        [
          0.6790500791856393,
          -0.44127119305958296,
          -0.586660655007432,
          -1.6527498348881138
        ],
        [
          0.0,
          0.0,
          0.0,
          1.0
        ]
      ],
      "split": "train"
    },
    {
      "file_path": "../images_train/frame_000039.jpg",
      "image_name": "frame_000039.jpg",
      "transform_matrix": [
        [
          0.032201521733070726,
          -0.605053051689583,
          0.795533699247994,
          2.0764573273567932
        ],
        [
          -0.7237486005446218,
          -0.5630560240072187,
          -0.3989434509286802,
          1.4599897321552469
        ],
        [
          0.6893119940983012,
          -0.5629198153114753,
          -0.4560375602095931,
          -1.2713237704768516
        ],
        [
          0.0,
          0.0,
          0.0,
          1.0
        ]
      ],
      "split": "train"
    },
    {
      "file_path": "../images_train/frame_000040.jpg",
      "image_name": "frame_000040.jpg",
      "transform_matrix": [
        [
          -0.17348701198163075,
          -0.5772144309808278,
          0.797950974271706,
          2.33784545732948
        ],
        [
          -0.7372854975394623,
          -0.4610482590876239,
          -0.4938062351877089,
          1.2679750932975882
        ],
        [
          0.6529259925839016,
          -0.6739866493186274,
          -0.3455859440842126,
          -0.9828770503668962
        ],
        [
          0.0,
          0.0,
          0.0,
          1.0
        ]
      ],
      "split": "train"
    },
    {
      "file_path": "../images_train/frame_000041.jpg",
      "image_name": "frame_000041.jpg",
      "transform_matrix": [
        [
          -0.30544361492309413,
          -0.5190573300068075,
          0.7983004987277141,
          2.4373044224467546
        ],
        [
          -0.7373443753246369,
          -0.40155268536932054,
          -0.5432114809628094,
          1.0243459059703341
        ],
        [
          0.6025176099333812,
          -0.7545428609687402,
          -0.2600722989502622,
          -0.6955666290648594
        ],
        [
          0.0,
          0.0,
          0.0,
          1.0
        ]
      ],
      "split": "train"
    },
    {
      "file_path": "../images_train/frame_000042.jpg",
      "image_name": "frame_000042.jpg",
      "transform_matrix": [
        [
          -0.4481975753533819,
          -0.47751688717587915,
          0.7557093064857735,
          2.6996936011397885
        ],
        [
          -0.7099907360675514,
          -0.32351124883426374,
          -0.6255026990956568,
          0.770961506516094
        ],
        [
          0.5431685632891566,
          -0.8168953998766023,
          -0.19403560888362648,
          -0.2899485716204524
        ],
        [
          0.0,
          0.0,
          0.0,
          1.0
        ]
      ],
      "split": "train"
    },
    {
      "file_path": "../images_train/frame_000043.jpg",
      "image_name": "frame_000043.jpg",
      "transform_matrix": [
        [
          -0.5151918584879712,
          -0.41843849904063746,
          0.7479883498212581,
          2.7604381159902944
        ],
        [
          -0.6918652176797154,
          -0.31205953255230345,
          -0.6511078011422055,
          0.46913050545534696
        ],
        [
          0.505865465823385,
          -0.852952560617445,
          -0.12873251268981523,
          0.08973232595723202
        ],
        [
          0.0,
          0.0,
          0.0,
          1.0
        ]
      ],
      "split": "train"
    },
    {
      "file_path": "../images_train/frame_000044.jpg",
      "image_name": "frame_000044.jpg",
      "transform_matrix": [
        [
          -0.6073505948392016,
          -0.35762920680488847,
          0.7093846667278445,
          2.7980129477723317
        ],
        [
          -0.6595782262019414,
          -0.2707211734992949,
          -0.7011894250054442,
          0.12654098557981963
        ],
        [
          0.4428112673236413,
          -0.8937624945472211,
          -0.07146177210201177,
          0.5033909653457653
        ],
        [
          0.0,
          0.0,
          0.0,
          1.0
        ]
      ],
      "split": "train"
    },
    {
      "file_path": "../images_train/frame_000045.jpg",
      "image_name": "frame_000045.jpg",
      "transform_matrix": [
        [
          -0.714106556036655,
          -0.2935430610650238,
          0.6355189201951766,
          2.848386534521963
        ],
        [
          -0.5999985515822163,
          -0.21102767250062837,
          -0.7716664172673385,
          -0.25667146389154927
        ],
        [
          0.3606294008046351,
          -0.9323624792641235,
          -0.025429167028169553,
          0.9993009041616626
        ],
        [
          0.0,
          0.0,
          0.0,
          1.0
        ]
      ],
      "split": "train"
    },
    {
      "file_path": "../images_train/frame_000046.jpg",
      "image_name": "frame_000046.jpg",
      "transform_matrix": [
        [
          -0.7934711713679001,
          -0.21515108726543825,
          0.5693096783443553,
          2.633208314645602
        ],
        [
          -0.5396989891830171,
          -0.18361126980120657,
          -0.8215910799642476,
          -0.5317407101240565
        ],
        [
          0.2812978870928171,
          -0.9591646945392063,
          0.029573425006727327,
          1.313801460750277
        ],
        [
          0.0,
          0.0,
          0.0,
          1.0
        ]
      ],
      "split": "train"
    },
    {
      "file_path": "../images_train/frame_000047.jpg",
      "image_name": "frame_000047.jpg",
      "transform_matrix": [
        [
          -0.8735349908664992,
          -0.12799539068557456,
          0.4696315573884612,
          2.4514972910449857
        ],
        [
          -0.45346291909224834,
          -0.1367282747923645,
          -0.8807251329902198,
          -0.8363493542663458
        ],
        [
          0.1769406701134633,
          -0.9823047179137187,
          0.06139576878130648,
          1.691107215417567
        ],
        [
          0.0,
          0.0,
          0.0,
          1.0
        ]
      ],
      "split": "train"
    },
    {
      "file_path": "../images_train/frame_000048.jpg",
      "image_name": "frame_000048.jpg",
      "transform_matrix": [
        [
          -0.9306794885571551,
          -0.016351253439032154,
          0.3654700071003986,
          2.2479267913306984
        ],
        [
          -0.3601256803718678,
          -0.13486522960450242,
          -0.923103929241136,
          -1.2248855108949872
        ],
        [
          0.0643831027187427,
          -0.9907290277137828,
          0.11962779664279766,
          2.1154869843590403
        ],
        [
          0.0,
          0.0,
          0.0,
          1.0
        ]
      ],
      "split": "train"
    },
    {
      "file_path": "../images_train/frame_000049.jpg",
      "image_name": "frame_000049.jpg",
      "transform_matrix": [
        [
          -0.9391522441706676,
          0.03568298415186752,
          0.34164277675843935,
          1.9629661231158426
        ],
        [
          -0.34264585339488907,
          -0.16746049984678402,
          -0.9244191690690721,
          -1.4318432428934067
        ],
        [
          0.024225635605437307,
          -0.9852328179841975,
          0.169497530797442,
          2.3086662220673735
        ],
        [
          0.0,
          0.0,
          0.0,
          1.0
        ]
      ],
      "split": "train"
    },
    {
      "file_path": "../images_train/frame_000050.jpg",
      "image_name": "frame_000050.jpg",
      "transform_matrix": [
        [
          -0.9521470767112673,
          0.12989898320334098,
          0.2766626076522203,
          1.748454901457011
        ],
        [
          -0.30094752744629505,
          -0.24044424940900078,
          -0.9228310509785114,
          -1.867176370604011
        ],
        [
          -0.053352882154104164,
          -0.9619318151973562,
          0.2680310669996484,
          2.796096817505071
        ],
        [
          0.0,
          0.0,
          0.0,
          1.0
        ]
      ],
      "split": "train"
    },
    {
      "file_path": "../images_train/frame_000051.jpg",
      "image_name": "frame_000051.jpg",
      "transform_matrix": [
        [
          -0.9468307030856681,
          0.13836767644542786,
          0.29045826861942436,
          1.7127087540438248
        ],
        [
          -0.3195791509894937,
          -0.30020968644347656,
          -0.8987454091222631,
          -2.0885703454419193
        ],
        [
          -0.03715892822909048,
          -0.9437841544975223,
          0.32846717305122386,
          3.0175198736548197
        ],
        [
          0.0,
          0.0,
          0.0,
          1.0
        ]
      ],
      "split": "train"
    },
    {
      "file_path": "../images_test/frame_000005.jpg",
      "image_name": "frame_000005.jpg",
      "transform_matrix": [
        [
          -0.9666759788023366,
          -0.04830901814630301,
          0.2514036411277407,
          1.8891963703545391
        ],
        [
          -0.20976272826324877,
          -0.41348964657750364,
          -0.8860168790744168,
          -2.2398255574220656
        ],
        [
          0.1467554082073439,
          -0.9092263474729224,
          0.3895770773838536,
          3.20921616370073
        ],
        [
          0.0,
          0.0,
          0.0,
          1.0
        ]
      ],
      "split": "test"
    },
    {
      "file_path": "../images_test/frame_000012.jpg",
      "image_name": "frame_000012.jpg",
      "transform_matrix": [
        [
          -0.9608009621254711,
          0.2622457829286738,
          -0.0899369807970879,
          -1.289374526488427
        ],
        [
          0.008945313117276088,
          -0.2949089707716077,
          -0.9554834798842232,
          -1.7616311436890681
        ],
        [
          -0.2770947356988269,
          -0.9188339612218074,
          0.28100295221481086,
          1.9539500279125965
        ],
        [
          0.0,
          0.0,
          0.0,
          1.0
        ]
      ],
      "split": "test"
    },
    {
      "file_path": "../images_test/frame_000020.jpg",
      "image_name": "frame_000020.jpg",
      "transform_matrix": [
        [
          -0.47644955093454444,
          0.6973278998456185,
          -0.5354714049425703,
          -3.8373748215042593
        ],
        [
          0.44098095815029525,
          -0.3373551551455264,
          -0.8317014451385698,
          0.27736674207657863
        ],
        [
          -0.7606126609274385,
          -0.6323964732615426,
          -0.14677561324431432,
          -1.1368245144890092
        ],
        [
          0.0,
          0.0,
          0.0,
          1.0
        ]
      ],
      "split": "test"
    },
    {
      "file_path": "../images_test/frame_000024.jpg",
      "image_name": "frame_000024.jpg",
      "transform_matrix": [
        [
          0.3837631950727862,
          0.6802020120970105,
          -0.6245406574809244,
          -3.5853934468957087
        ],
        [
          0.5348628532667021,
          -0.7150574206145971,
          -0.45012733022934903,
          1.5166979023451592
        ],
        [
          -0.752759947329113,
          -0.16130129560291115,
          -0.6382275093835217,
          -2.6051472982963437
        ],
        [
          0.0,
          0.0,
          0.0,
          1.0
        ]
      ],
      "split": "test"
    },
    {
      "file_path": "../images_test/frame_000026.jpg",
      "image_name": "frame_000026.jpg",
      "transform_matrix": [
        [
          0.7254591110743477,
          0.46549329028540554,
          -0.5069764046368279,
          -3.134967205340542
        ],
        [
          0.3966145919314179,
          -0.8847400405755265,
          -0.2448099795136848,
          2.103414965568659
        ],
        [
          -0.5624997276677495,
          -0.023474609723765888,
          -0.8264641547411629,
          -3.2064662931545334
        ],
        [
          0.0,
          0.0,
          0.0,
          1.0
        ]
      ],
      "split": "test"
    }
  ],
  "train_filenames": [
    "../images_train/frame_000001.jpg",
    "../images_train/frame_000002.jpg",
    "../images_train/frame_000003.jpg",
    "../images_train/frame_000004.jpg",
    "../images_train/frame_000006.jpg",
    "../images_train/frame_000007.jpg",
    "../images_train/frame_000008.jpg",
    "../images_train/frame_000009.jpg",
    "../images_train/frame_000010.jpg",
    "../images_train/frame_000011.jpg",
    "../images_train/frame_000013.jpg",
    "../images_train/frame_000014.jpg",
    "../images_train/frame_000015.jpg",
    "../images_train/frame_000016.jpg",
    "../images_train/frame_000017.jpg",
    "../images_train/frame_000018.jpg",
    "../images_train/frame_000019.jpg",
    "../images_train/frame_000021.jpg",
    "../images_train/frame_000022.jpg",
    "../images_train/frame_000023.jpg",
    "../images_train/frame_000025.jpg",
    "../images_train/frame_000027.jpg",
    "../images_train/frame_000028.jpg",
    "../images_train/frame_000029.jpg",
    "../images_train/frame_000030.jpg",
    "../images_train/frame_000031.jpg",
    "../images_train/frame_000032.jpg",
    "../images_train/frame_000033.jpg",
    "../images_train/frame_000034.jpg",
    "../images_train/frame_000035.jpg",
    "../images_train/frame_000036.jpg",
    "../images_train/frame_000037.jpg",
    "../images_train/frame_000038.jpg",
    "../images_train/frame_000039.jpg",
    "../images_train/frame_000040.jpg",
    "../images_train/frame_000041.jpg",
    "../images_train/frame_000042.jpg",
    "../images_train/frame_000043.jpg",
    "../images_train/frame_000044.jpg",
    "../images_train/frame_000045.jpg",
    "../images_train/frame_000046.jpg",
    "../images_train/frame_000047.jpg"
  ],
  "val_filenames": [
    "../images_test/frame_000005.jpg",
    "../images_test/frame_000012.jpg",
    "../images_test/frame_000020.jpg",
    "../images_test/frame_000024.jpg",
    "../images_test/frame_000026.jpg"
  ],
  "test_filenames": [
    "../images_test/frame_000005.jpg",
    "../images_test/frame_000012.jpg",
    "../images_test/frame_000020.jpg",
    "../images_test/frame_000024.jpg",
    "../images_test/frame_000026.jpg"
  ]
}